object FramePeriodo2: TFramePeriodo2
  Left = 0
  Top = 0
  Width = 189
  Height = 54
  AutoScroll = False
  AutoSize = True
  TabOrder = 0
  object Label1: TLabel
    Left = 0
    Top = 0
    Width = 135
    Height = 13
    Caption = 'Per'#237'odo Inicial               Final'
  end
  object eddi: TDateTimePicker
    Left = 0
    Top = 16
    Width = 97
    Height = 21
    Date = 40617.427715381940000000
    Time = 40617.427715381940000000
    TabOrder = 0
  end
  object eddf: TDateTimePicker
    Left = 100
    Top = 16
    Width = 89
    Height = 21
    Date = 40617.427763125000000000
    Time = 40617.427763125000000000
    TabOrder = 1
  end
end
